2999
3899
3989
3998
3999
4799
4889
4898
4899
4979
4988
4989
4997
4998
4999
5699
5789
5798
5799
5879
5888
5889
5897
5898
5899
5969
5978
5979
5987
5988
5989
5996
5997
5998
5999
6599
6689
6698
6699
6779
6788
6789
6797
6798
6799
6869
6878
6879
6887
6888
6889
6896
6897
6898
6899
6959
6968
6969
6977
6978
6979
6986
6987
6988
6989
6995
6996
6997
6998
6999
7499
7589
7598
7599
7679
7688
7689
7697
7698
7699
7769
7778
7779
7787
7788
7789
7796
7797
7798
7799
7859
7868
7869
7877
7878
7879
7886
7887
7888
7889
7895
7896
7897
7898
7899
7949
7958
7959
7967
7968
7969
7976
7977
7978
7979
7985
7986
7987
7988
7989
7994
7995
7996
7997
7998
7999
8399
8489
8498
8499
8579
8588
8589
8597
8598
8599
8669
8678
8679
8687
8688
8689
8696
8697
8698
8699
8759
8768
8769
8777
8778
8779
8786
8787
8788
8789
8795
8796
8797
8798
8799
8849
8858
8859
8867
8868
8869
8876
8877
8878
8879
8885
8886
8887
8888
8889
8894
8895
8896
8897
8898
8899
8939
8948
8949
8957
8958
8959
8966
8967
8968
8969
8975
8976
8977
8978
8979
8984
8985
8986
8987
8988
8989
8993
8994
8995
8996
8997
8998
8999
9299
9389
9398
9399
9479
9488
9489
9497
9498
9499
9569
9578
9579
9587
9588
9589
9596
9597
9598
9599
9659
9668
9669
9677
9678
9679
9686
9687
9688
9689
9695
9696
9697
9698
9699
9749
9758
9759
9767
9768
9769
9776
9777
9778
9779
9785
9786
9787
9788
9789
9794
9795
9796
9797
9798
9799
9839
9848
9849
9857
9858
9859
9866
9867
9868
9869
9875
9876
9877
9878
9879
9884
9885
9886
9887
9888
9889
9893
9894
9895
9896
9897
9898
9899
9929
9938
9939
9947
9948
9949
9956
9957
9958
9959
9965
9966
9967
9968
9969
9974
9975
9976
9977
9978
9979
9983
9984
9985
9986
9987
9988
9989
9992
9993
9994
9995
9996
9997
9998
9999
Total: 330
