18999
19899
19989
19998
19999
27999
28899
28989
28998
28999
29799
29889
29898
29899
29979
29988
29989
29997
29998
29999
36999
37899
37989
37998
37999
38799
38889
38898
38899
38979
38988
38989
38997
38998
38999
39699
39789
39798
39799
39879
39888
39889
39897
39898
39899
39969
39978
39979
39987
39988
39989
39996
39997
39998
39999
45999
46899
46989
46998
46999
47799
47889
47898
47899
47979
47988
47989
47997
47998
47999
48699
48789
48798
48799
48879
48888
48889
48897
48898
48899
48969
48978
48979
48987
48988
48989
48996
48997
48998
48999
49599
49689
49698
49699
49779
49788
49789
49797
49798
49799
49869
49878
49879
49887
49888
49889
49896
49897
49898
49899
49959
49968
49969
49977
49978
49979
49986
49987
49988
49989
49995
49996
49997
49998
49999
54999
55899
55989
55998
55999
56799
56889
56898
56899
56979
56988
56989
56997
56998
56999
57699
57789
57798
57799
57879
57888
57889
57897
57898
57899
57969
57978
57979
57987
57988
57989
57996
57997
57998
57999
58599
58689
58698
58699
58779
58788
58789
58797
58798
58799
58869
58878
58879
58887
58888
58889
58896
58897
58898
58899
58959
58968
58969
58977
58978
58979
58986
58987
58988
58989
58995
58996
58997
58998
58999
59499
59589
59598
59599
59679
59688
59689
59697
59698
59699
59769
59778
59779
59787
59788
59789
59796
59797
59798
59799
59859
59868
59869
59877
59878
59879
59886
59887
59888
59889
59895
59896
59897
59898
59899
59949
59958
59959
59967
59968
59969
59976
59977
59978
59979
59985
59986
59987
59988
59989
59994
59995
59996
59997
59998
59999
63999
64899
64989
64998
64999
65799
65889
65898
65899
65979
65988
65989
65997
65998
65999
66699
66789
66798
66799
66879
66888
66889
66897
66898
66899
66969
66978
66979
66987
66988
66989
66996
66997
66998
66999
67599
67689
67698
67699
67779
67788
67789
67797
67798
67799
67869
67878
67879
67887
67888
67889
67896
67897
67898
67899
67959
67968
67969
67977
67978
67979
67986
67987
67988
67989
67995
67996
67997
67998
67999
68499
68589
68598
68599
68679
68688
68689
68697
68698
68699
68769
68778
68779
68787
68788
68789
68796
68797
68798
68799
68859
68868
68869
68877
68878
68879
68886
68887
68888
68889
68895
68896
68897
68898
68899
68949
68958
68959
68967
68968
68969
68976
68977
68978
68979
68985
68986
68987
68988
68989
68994
68995
68996
68997
68998
68999
69399
69489
69498
69499
69579
69588
69589
69597
69598
69599
69669
69678
69679
69687
69688
69689
69696
69697
69698
69699
69759
69768
69769
69777
69778
69779
69786
69787
69788
69789
69795
69796
69797
69798
69799
69849
69858
69859
69867
69868
69869
69876
69877
69878
69879
69885
69886
69887
69888
69889
69894
69895
69896
69897
69898
69899
69939
69948
69949
69957
69958
69959
69966
69967
69968
69969
69975
69976
69977
69978
69979
69984
69985
69986
69987
69988
69989
69993
69994
69995
69996
69997
69998
69999
72999
73899
73989
73998
73999
74799
74889
74898
74899
74979
74988
74989
74997
74998
74999
75699
75789
75798
75799
75879
75888
75889
75897
75898
75899
75969
75978
75979
75987
75988
75989
75996
75997
75998
75999
76599
76689
76698
76699
76779
76788
76789
76797
76798
76799
76869
76878
76879
76887
76888
76889
76896
76897
76898
76899
76959
76968
76969
76977
76978
76979
76986
76987
76988
76989
76995
76996
76997
76998
76999
77499
77589
77598
77599
77679
77688
77689
77697
77698
77699
77769
77778
77779
77787
77788
77789
77796
77797
77798
77799
77859
77868
77869
77877
77878
77879
77886
77887
77888
77889
77895
77896
77897
77898
77899
77949
77958
77959
77967
77968
77969
77976
77977
77978
77979
77985
77986
77987
77988
77989
77994
77995
77996
77997
77998
77999
78399
78489
78498
78499
78579
78588
78589
78597
78598
78599
78669
78678
78679
78687
78688
78689
78696
78697
78698
78699
78759
78768
78769
78777
78778
78779
78786
78787
78788
78789
78795
78796
78797
78798
78799
78849
78858
78859
78867
78868
78869
78876
78877
78878
78879
78885
78886
78887
78888
78889
78894
78895
78896
78897
78898
78899
78939
78948
78949
78957
78958
78959
78966
78967
78968
78969
78975
78976
78977
78978
78979
78984
78985
78986
78987
78988
78989
78993
78994
78995
78996
78997
78998
78999
79299
79389
79398
79399
79479
79488
79489
79497
79498
79499
79569
79578
79579
79587
79588
79589
79596
79597
79598
79599
79659
79668
79669
79677
79678
79679
79686
79687
79688
79689
79695
79696
79697
79698
79699
79749
79758
79759
79767
79768
79769
79776
79777
79778
79779
79785
79786
79787
79788
79789
79794
79795
79796
79797
79798
79799
79839
79848
79849
79857
79858
79859
79866
79867
79868
79869
79875
79876
79877
79878
79879
79884
79885
79886
79887
79888
79889
79893
79894
79895
79896
79897
79898
79899
79929
79938
79939
79947
79948
79949
79956
79957
79958
79959
79965
79966
79967
79968
79969
79974
79975
79976
79977
79978
79979
79983
79984
79985
79986
79987
79988
79989
79992
79993
79994
79995
79996
79997
79998
79999
81999
82899
82989
82998
82999
83799
83889
83898
83899
83979
83988
83989
83997
83998
83999
84699
84789
84798
84799
84879
84888
84889
84897
84898
84899
84969
84978
84979
84987
84988
84989
84996
84997
84998
84999
85599
85689
85698
85699
85779
85788
85789
85797
85798
85799
85869
85878
85879
85887
85888
85889
85896
85897
85898
85899
85959
85968
85969
85977
85978
85979
85986
85987
85988
85989
85995
85996
85997
85998
85999
86499
86589
86598
86599
86679
86688
86689
86697
86698
86699
86769
86778
86779
86787
86788
86789
86796
86797
86798
86799
86859
86868
86869
86877
86878
86879
86886
86887
86888
86889
86895
86896
86897
86898
86899
86949
86958
86959
86967
86968
86969
86976
86977
86978
86979
86985
86986
86987
86988
86989
86994
86995
86996
86997
86998
86999
87399
87489
87498
87499
87579
87588
87589
87597
87598
87599
87669
87678
87679
87687
87688
87689
87696
87697
87698
87699
87759
87768
87769
87777
87778
87779
87786
87787
87788
87789
87795
87796
87797
87798
87799
87849
87858
87859
87867
87868
87869
87876
87877
87878
87879
87885
87886
87887
87888
87889
87894
87895
87896
87897
87898
87899
87939
87948
87949
87957
87958
87959
87966
87967
87968
87969
87975
87976
87977
87978
87979
87984
87985
87986
87987
87988
87989
87993
87994
87995
87996
87997
87998
87999
88299
88389
88398
88399
88479
88488
88489
88497
88498
88499
88569
88578
88579
88587
88588
88589
88596
88597
88598
88599
88659
88668
88669
88677
88678
88679
88686
88687
88688
88689
88695
88696
88697
88698
88699
88749
88758
88759
88767
88768
88769
88776
88777
88778
88779
88785
88786
88787
88788
88789
88794
88795
88796
88797
88798
88799
88839
88848
88849
88857
88858
88859
88866
88867
88868
88869
88875
88876
88877
88878
88879
88884
88885
88886
88887
88888
88889
88893
88894
88895
88896
88897
88898
88899
88929
88938
88939
88947
88948
88949
88956
88957
88958
88959
88965
88966
88967
88968
88969
88974
88975
88976
88977
88978
88979
88983
88984
88985
88986
88987
88988
88989
88992
88993
88994
88995
88996
88997
88998
88999
89199
89289
89298
89299
89379
89388
89389
89397
89398
89399
89469
89478
89479
89487
89488
89489
89496
89497
89498
89499
89559
89568
89569
89577
89578
89579
89586
89587
89588
89589
89595
89596
89597
89598
89599
89649
89658
89659
89667
89668
89669
89676
89677
89678
89679
89685
89686
89687
89688
89689
89694
89695
89696
89697
89698
89699
89739
89748
89749
89757
89758
89759
89766
89767
89768
89769
89775
89776
89777
89778
89779
89784
89785
89786
89787
89788
89789
89793
89794
89795
89796
89797
89798
89799
89829
89838
89839
89847
89848
89849
89856
89857
89858
89859
89865
89866
89867
89868
89869
89874
89875
89876
89877
89878
89879
89883
89884
89885
89886
89887
89888
89889
89892
89893
89894
89895
89896
89897
89898
89899
89919
89928
89929
89937
89938
89939
89946
89947
89948
89949
89955
89956
89957
89958
89959
89964
89965
89966
89967
89968
89969
89973
89974
89975
89976
89977
89978
89979
89982
89983
89984
89985
89986
89987
89988
89989
89991
89992
89993
89994
89995
89996
89997
89998
89999
90999
91899
91989
91998
91999
92799
92889
92898
92899
92979
92988
92989
92997
92998
92999
93699
93789
93798
93799
93879
93888
93889
93897
93898
93899
93969
93978
93979
93987
93988
93989
93996
93997
93998
93999
94599
94689
94698
94699
94779
94788
94789
94797
94798
94799
94869
94878
94879
94887
94888
94889
94896
94897
94898
94899
94959
94968
94969
94977
94978
94979
94986
94987
94988
94989
94995
94996
94997
94998
94999
95499
95589
95598
95599
95679
95688
95689
95697
95698
95699
95769
95778
95779
95787
95788
95789
95796
95797
95798
95799
95859
95868
95869
95877
95878
95879
95886
95887
95888
95889
95895
95896
95897
95898
95899
95949
95958
95959
95967
95968
95969
95976
95977
95978
95979
95985
95986
95987
95988
95989
95994
95995
95996
95997
95998
95999
96399
96489
96498
96499
96579
96588
96589
96597
96598
96599
96669
96678
96679
96687
96688
96689
96696
96697
96698
96699
96759
96768
96769
96777
96778
96779
96786
96787
96788
96789
96795
96796
96797
96798
96799
96849
96858
96859
96867
96868
96869
96876
96877
96878
96879
96885
96886
96887
96888
96889
96894
96895
96896
96897
96898
96899
96939
96948
96949
96957
96958
96959
96966
96967
96968
96969
96975
96976
96977
96978
96979
96984
96985
96986
96987
96988
96989
96993
96994
96995
96996
96997
96998
96999
97299
97389
97398
97399
97479
97488
97489
97497
97498
97499
97569
97578
97579
97587
97588
97589
97596
97597
97598
97599
97659
97668
97669
97677
97678
97679
97686
97687
97688
97689
97695
97696
97697
97698
97699
97749
97758
97759
97767
97768
97769
97776
97777
97778
97779
97785
97786
97787
97788
97789
97794
97795
97796
97797
97798
97799
97839
97848
97849
97857
97858
97859
97866
97867
97868
97869
97875
97876
97877
97878
97879
97884
97885
97886
97887
97888
97889
97893
97894
97895
97896
97897
97898
97899
97929
97938
97939
97947
97948
97949
97956
97957
97958
97959
97965
97966
97967
97968
97969
97974
97975
97976
97977
97978
97979
97983
97984
97985
97986
97987
97988
97989
97992
97993
97994
97995
97996
97997
97998
97999
98199
98289
98298
98299
98379
98388
98389
98397
98398
98399
98469
98478
98479
98487
98488
98489
98496
98497
98498
98499
98559
98568
98569
98577
98578
98579
98586
98587
98588
98589
98595
98596
98597
98598
98599
98649
98658
98659
98667
98668
98669
98676
98677
98678
98679
98685
98686
98687
98688
98689
98694
98695
98696
98697
98698
98699
98739
98748
98749
98757
98758
98759
98766
98767
98768
98769
98775
98776
98777
98778
98779
98784
98785
98786
98787
98788
98789
98793
98794
98795
98796
98797
98798
98799
98829
98838
98839
98847
98848
98849
98856
98857
98858
98859
98865
98866
98867
98868
98869
98874
98875
98876
98877
98878
98879
98883
98884
98885
98886
98887
98888
98889
98892
98893
98894
98895
98896
98897
98898
98899
98919
98928
98929
98937
98938
98939
98946
98947
98948
98949
98955
98956
98957
98958
98959
98964
98965
98966
98967
98968
98969
98973
98974
98975
98976
98977
98978
98979
98982
98983
98984
98985
98986
98987
98988
98989
98991
98992
98993
98994
98995
98996
98997
98998
98999
99099
99189
99198
99199
99279
99288
99289
99297
99298
99299
99369
99378
99379
99387
99388
99389
99396
99397
99398
99399
99459
99468
99469
99477
99478
99479
99486
99487
99488
99489
99495
99496
99497
99498
99499
99549
99558
99559
99567
99568
99569
99576
99577
99578
99579
99585
99586
99587
99588
99589
99594
99595
99596
99597
99598
99599
99639
99648
99649
99657
99658
99659
99666
99667
99668
99669
99675
99676
99677
99678
99679
99684
99685
99686
99687
99688
99689
99693
99694
99695
99696
99697
99698
99699
99729
99738
99739
99747
99748
99749
99756
99757
99758
99759
99765
99766
99767
99768
99769
99774
99775
99776
99777
99778
99779
99783
99784
99785
99786
99787
99788
99789
99792
99793
99794
99795
99796
99797
99798
99799
99819
99828
99829
99837
99838
99839
99846
99847
99848
99849
99855
99856
99857
99858
99859
99864
99865
99866
99867
99868
99869
99873
99874
99875
99876
99877
99878
99879
99882
99883
99884
99885
99886
99887
99888
99889
99891
99892
99893
99894
99895
99896
99897
99898
99899
99909
99918
99919
99927
99928
99929
99936
99937
99938
99939
99945
99946
99947
99948
99949
99954
99955
99956
99957
99958
99959
99963
99964
99965
99966
99967
99968
99969
99972
99973
99974
99975
99976
99977
99978
99979
99981
99982
99983
99984
99985
99986
99987
99988
99989
99990
99991
99992
99993
99994
99995
99996
99997
99998
99999
Total: 2001
