97270
95722
90685
95142
97836
94239
98537
99246
98933
91559
92224
98808
95702
92921
99043
97872
93207
96528
99215
96317
95188
96038
92125
99888
97708
98369
96685
97862
99901
90222
95498
99298
98982
91780
97527
93787
91736
91004
98940
97662
99651
96979
96834
91585
99895
95737
95507
90465
99316
97002
99987
91637
93662
95281
96489
92235
99200
93762
94490
91708
98926
94429
90123
90406
90552
92853
95554
90184
98456
91088
94055
97942
96790
97104
95436
98068
95920
94208
91549
94695
99403
98881
96524
99722
93665
90465
91450
97534
97599
91149
98171
92358
94236
99685
91893
99200
91704
97269
97284
94280
95649
99029
97764
95932
90306
99557
92658
91877
90416
95919
91913
93831
91161
96587
93061
95365
98321
99720
90113
93975
95833
99247
99074
93278
92937
92169
99771
96291
98100
95542
98672
95713
91906
96554
92390
92168
96098
94151
96562
96320
90959
95644
99780
95827
98220
96728
97272
93045
91688
98369
94017
94437
92766
98962
91981
97619
93074
95249
91157
96979
91339
90376
99109
93807
96757
92577
98692
91872
95998
92886
98651
94394
96060
95342
96769
93330
90149
98102
90267
96930
98764
98916
93141
96485
93200
93388
95112
98220
93628
99478
91887
91254
98959
96660
91424
97572
90667
93197
95868
94954
97776
99947
93864
98780
95172
94162
92935
93670
92452
91692
96595
90874
95485
91057
95901
92374
97876
97805
90125
97609
94520
92597
96238
93789
94432
91473
91886
95707
95041
91705
91550
96010
95143
91711
90577
91850
98683
98439
96774
98866
96573
90668
94243
98422
98722
91675
99149
99044
93470
99681
92115
98000
96606
99537
96922
93948
97170
94078
90199
96599
92220
98576
91811
94325
97743
96739
90603
95662
97917
91696
95215
95626
99891
90391
94632
92801
96287
94839
98176
98123
92597
98672
99616
91294
91680
92414
95088
95781
92523
95930
99505
98321
95482
91473
91160
93872
91161
95779
99195
91961
95139
94643
93627
95342
95726
98406
92623
96931
96926
91807
96709
95928
93810
96622
94597
99081
92474
90532
90323
98026
91778
90667
96382
98634
99044
95248
92545
93311
96916
91771
95042
92180
93549
95179
95817
94097
93331
94448
96517
93415
90324
91024
96915
93461
91598
97560
92465
92638
92659
90383
90653
94108
92158
94119
90850
94988
98060
91939
97348
95987
92469
99837
90269
97440
97285
98389
94028
92659
97901
90438
98047
94547
97105
98121
99397
96414
96388
97707
92068
92929
96840
95645
92541
92140
96825
94299
96361
94518
98621
90773
95393
99937
91213
97290
90441
98550
91422
96546
98942
96486
90565
90484
92387
92306
98828
95919
93194
95166
94546
95466
95685
90606
90562
97187
90885
94922
94878
91410
99809
94048
97756
98162
94937
97882
92484
93629
94560
96004
91975
99110
99676
95720
98391
90883
98149
98360
97991
94425
95786
94781
98373
91432
99039
96008
90308
93061
99023
99942
91354
97843
91522
90089
93431
97708
92679
97231
91553
90542
95063
99986
95893
92730
93788
95195
94385
90119
97381
94064
98029
90834
93087
95015
96110
98386
91287
99163
93496
98509
98731
99376
97226
98175
95269
98841
94550
90200
93753
90083
99626
91902
97828
90367
91066
91240
97270
94428
97489
98864
95568
90460
93314
99528
99450
90306
91932
91294
95023
99784
98484
95962
90221
90085
99408
99172
98252
96189
90954
93614
91729
93221
93852
93773
92169
96704
96317
95664
94554
97626
92585
99976
91634
98278
99157
92077
97667
99784
95956
97314
96281
97273
94566
95035
92142
93621
90746
99786
91115
97707
93422
93112
98618
98119
97313
94403
90838
98243
91412
94212
98509
93684
90489
98501
97939
97936
91804
97238
98965
97265
94234
95789
94532
90720
91973
92532
91582
96221
90029
91156
97937
98656
93670
91047
94866
90934
99029
94230
90022
93918
97050
92282
90441
96183
97957
91674
90282
99539
98442
90957
93009
91253
98754
98248
92682
98903
91876
92446
94066
98810
91981
96612
96236
93986
94353
96957
99358
92516
93961
95877
99349
92348
94869
92459
90092
93391
97682
98916
97899
92879
97192
96364
97903
94937
97445
98412
97076
90283
96381
95956
93556
97002
97262
91667
96965
98331
99061
97568
99414
98398
93003
94158
91882
91843
97446
94517
95646
98266
98294
91835
93464
97436
97115
93781
90187
96197
94172
92184
97499
93015
98533
91427
92453
91096
92473
94025
94517
96017
92323
96793
90796
98802
92989
96071
94124
90397
98294
95417
93720
98451
94362
94229
93086
92377
98209
90715
94840
97598
98735
97659
97169
94937
92314
94416
91593
96081
90149
93575
96721
91053
99606
95734
97698
98639
96690
90803
96012
95693
91862
99304
99370
96279
96390
92081
96314
96559
91407
91860
95276
96394
96876
95117
92745
93576
92642
97662
90251
91631
98765
92397
94846
97140
97314
92679
92756
97505
92815
99729
90924
95103
93540
97517
96090
98767
90822
93562
96135
98522
98584
99099
93349
94526
90271
97028
94321
96147
95376
91096
96141
92110
92733
94753
93594
97663
92787
93104
97042
99684
96009
96412
95673
95684
99653
98576
95811
97624
90038
99031
98972
96498
92548
91501
99349
98622
96536
98045
95431
99550
97309
91833
95411
96567
92400
97097
91108
95695
94304
99673
90064
94151
96856
96600
90511
94183
97464
98193
98902
99241
92355
91036
94684
98403
97048
95324
92005
99998
99222
95013
93044
90377
96173
94180
92649
98741
94056
98070
98968
93999
91083
92237
99770
94563
91878
98230
99127
97031
95174
99266
94169
94702
92029
94308
96571
91843
96768
94013
98481
94658
97819
96962
97569
94902
90638
99626
90881
97056
99922
98498
92192
95023
93276
97834
92543
99268
93532
91428
98647
90351
91921
91880
98856
99776
99254
95771
91369
94109
97332
98200
94382
93293
97754
95111
92851
99092
90311
96851
91568
94626
98162
91398
99232
90903
91975
90690
93206
91301
90215
98505
99636
99948
97781
93308
98643
94918
90158
94533
99250
92183
95299
95705
93747
91279
90393
92865
96172
98597
95736
91722
94610
99252
92874
91970
91983
93462
99208
92220
95017
98383
96260
93960
96094
91321
93766
98011
97650
95273
96811
91890
93827
92731
98166
91535
99054
98685
93037
95818
98252
98758
98395
97293
98345
93419
94094
97607
95772
94213
97943
91024
99674
92926
91938
94481
95460
99651
91829
97636
98432
90672
97218
91326
92146
92109
94369
97885
91219
90263
98926
91750
93249
94600
90708
93806
99548
94305
97797
97886
99368
94353
92083
92891
97310
92025
93458
98942
98613
99809
94856
91019
91984
95635
95320
98513
94694
96359
93281
94137
99595
95454
97237
90630
98759
90838
96031
98690
93431
93772
95895
94570
94974
94770
96469
90796
96499
97465
92965
98405
99864
96353
96674
94182
97736
99368
91000
91309
95395
91210
95211
96862
91973
98387
93086
94614
95814
91875
98659
96561
93644
98369
96236
91614
98234
96036
96880
94904
94248
95719
98543
96120
96965
93530
92045
90337
93557
95764
90074
99761
91609
92082
91407
99816
94580
97877
97524
98044
98885
91799
93824
99224
92275
99335
92607
95157
98226
98413
90032
92565
96005
97946
94213
97523
91107
95271
96671
99882
95753
93407
94299
96102
94133
94077
94054
93944
92083
97428
97541
97452
95879
94387
97695
95671
99848
92596
94733
93528
97468
91850
93579
98318
95653
99993
99934
90239
96914
95197
97189
90401
99068
95564
91366
94755
97205
91989
96274
97379
97583
95230
96064
91555
98141
93104
97379
92081
95325
98763
98275
97240
91913
95983
96113
93889
95516
92396
91602
94081
92451
96618
91175
96668
96683
90192
94907
92327
98498
90298
92128
95440
92622
94163
91959
91260
90453
91102
90921
91820
96107
93138
94831
98997
90956
90135
97162
98192
96351
90376
91049
91047
99220
92527
97143
90643
90217
99935
94488
97616
99122
93172
96614
90635
97178
91792
90027
99660
91038
91219
97303
95442
98031
95708
91940
93689
97424
93318
97192
97328
97356
93842
96047
95325
92159
95609
94543
91474
99725
92125
95617
91606
93626
94465
95665
92658
99666
90371
91008
92035
91551
95984
96443
90691
95373
91148
93074
98393
97585
94232
97608
94585
96165
97393
90305
93290
99645
98234
93763
95496
93702
98781
99734
97466
99996
97719
96156
98393
96939
96840
91580
95854
97088
97609
99199
92493
90843
98821
97645
92375
91144
91260
90751
90440
98850
90312
93469
93502
93492
92460
96130
96233
99078
96609
94222
90558
99654
96166
95895
91908
94288
92828
94356
90772
96182
97997
97366
92967
95593
92777
91003
97087
91242
92479
99899
92555
99920
96573
91121
96712
98951
90033
93905
94395
91223
97003
92397
98426
97462
92722
93631
94462
95441
94651
97890
98633
90804
98738
93675
91416
99209
91755
94434
96170
94460
95648
99268
95783
92322
94833
94784
95857
94711
92386
90290
97880
93942
96046
93515
90805
91719
99992
99048
94498
92563
93311
96671
93468
96360
91107
91796
94333
99717
99179
95163
95451
90814
98217
94013
92161
97440
98442
91916
96061
92899
90639
99423
91772
99479
94505
92769
99616
94159
90268
92769
97649
96257
94501
91127
91494
91696
96071
96336
95395
93578
93163
96350
92945
93759
97321
90225
90916
95095
95433
95911
94637
99079
95600
96380
98347
98516
97837
91290
98968
99957
95532
96354
96736
95564
98599
97621
91118
99095
94279
92838
95471
95694
96506
97095
98854
90186
99785
94933
98461
93548
98529
96105
91083
92252
97765
97174
97063
90170
96188
96144
95158
97722
97449
92301
91765
97962
90670
98457
92934
94276
96072
97786
92614
99401
96696
92435
95570
90427
92120
96103
98397
99495
95139
97768
97087
94857
97318
98755
94568
91998
94387
90338
96669
99504
97376
94045
99931
99366
90468
91874
99720
96399
91477
98598
92066
96474
95909
93344
97669
98247
90525
92639
91513
98070
97360
92108
96523
92771
94129
99012
94699
99994
91954
92815
94172
90789
96354
95958
95616
94130
92433
92049
96447
98057
90208
93632
96256
97125
91008
96733
91917
90852
90884
94382
95785
92845
91977
96272
95453
95307
97756
96771
98477
98589
93097
98454
90528
90499
95114
93350
90391
95044
95695
99097
90269
95284
91667
92181
94801
90005
93542
95452
97266
98883
98774
92110
96378
95830
90462
93343
92128
95217
97444
91794
94115
90651
96707
98073
90781
90996
94073
92469
93013
93336
94069
99071
90529
97550
94943
94478
94505
92201
99750
98286
94857
96420
99454
97541
95640
97470
98976
92342
96983
98690
92126
94783
97009
97486
96368
98429
92166
98077
93337
90500
99426
98671
96059
93960
98760
97762
98813
91692
99360
99238
90556
99961
98017
90980
97874
93328
93112
96651
98364
98227
92644
95353
90424
97375
99744
98839
90349
92213
94105
90979
92697
95566
92763
99153
94855
91691
98679
92266
91741
95931
90545
95077
91574
91138
92261
93517
98668
93063
95518
90694
94163
91895
93921
98269
90646
92146
92094
92891
91605
98057
98205
92375
91633
96726
93343
91322
98336
96129
96191
90845
91879
90238
96426
92120
93105
98416
95292
98425
96163
91273
96775
95359
96593
90179
97816
93940
90786
92609
91020
96259
97781
90528
98264
98376
99313
93979
98675
90156
99068
97076
99390
96718
97067
98595
92558
91204
90135
94331
97000
93531
94368
93426
97980
94841
90564
95849
93515
92305
98528
93215
90669
94001
91208
90132
90266
98531
94593
98258
93452
99070
94304
90272
98556
96543
94831
95923
91683
91602
92339
97358
99463
90105
96982
95925
97425
91776
95675
97616
92392
96740
91243
99353
92377
99610
98906
93310
92381
95824
96013
91437
99557
99918
95985
97395
96159
90417
92386
98077
93729
91028
94082
91909
96946
92849
97392
96112
90583
97235
96208
90123
98009
94059
95989
97348
94666
95016
92581
92445
94969
96680
91806
96326
96060
92991
90739
96059
96854
91870
96634
91853
95814
95633
94413
98331
95901
99906
98672
92265
90120
90728
91138
93956
96117
94514
99511
94462
93248
90590
98627
95853
90577
90959
99887
96673
99219
97016
99883
99816
97483
97874
94164
94981
92241
90002
97069
92913
94969
92856
93581
93601
95887
90201
94123
95635
94651
91794
98243
98898
91019
95136
98126
97790
93937
91959
97862
97162
92478
99158
99420
98156
97078
98836
91253
96133
94503
97161
90477
97878
94977
96716
94570
90274
94921
92039
93510
97618
93737
93025
98304
99792
98066
95898
96846
98448
91971
96417
93024
93416
96468
95021
90041
96506
96858
98602
93865
94914
91279
98572
97749
91389
98940
99940
93774
93374
91449
91062
92334
98302
95686
98772
95504
97221
91661
98559
95244
93959
93789
94505
92352
91994
99012
98646
97124
96232
90226
94454
97651
91869
98434
94136
96685
97542
92061
94421
93018
94931
96884
90532
98318
92019
94998
93034
95338
92198
96266
97235
98465
96390
90686
99835
92514
90396
95115
92509
90736
94634
92778
97112
97953
98481
99024
92190
99773
96377
91731
95487
93812
97911
99828
92144
93870
99042
98360
93253
92989
96673
93527
94484
96339
93747
96147
99455
99864
97055
96972
97528
95628
94954
92294
90735
99796
97167
93290
99508
94188
93866
97526
91907
97355
96217
96069
96032
96088
95578
94646
90303
93327
93535
92280
91299
93386
99972
95843
93851
90447
91344
93966
93054
91244
96368
98742
92916
97894
91286
98662
91302
91793
91922
91212
95885
94534
94692
98583
90769
96757
93773
94919
98499
90911
96610
98549
97112
98813
94945
97633
96946
99990
93574
92666
96879
91710
93991
94278
94690
96649
95132
99755
91225
99139
98393
96742
93062
95921
99113
97534
93364
92350
91712
92428
95593
99986
90659
95543
99790
96513
94485
91562
96101
93912
94991
96830
95231
95843
98875
93244
90526
90152
93936
98375
91361
97464
97066
90255
92519
91779
96198
90272
99263
94024
93414
92610
92773
94485
91386
93661
95641
95067
90347
99866
92114
97318
97782
97403
92774
97146
98010
92173
98332
92178
93868
93513
92236
92691
97665
90080
96772
92056
93600
91338
92351
97629
98839
93090
94666
98029
95426
90489
99406
97746
90224
96965
99221
95001
95068
92517
92612
93810
94323
99781
99453
96192
92036
91347
92813
95435
95852
96731
91777
96389
99910
92455
94950
93698
93882
93679
99336
93927
90357
90798
94269
92505
97746
99469
95095
91439
90909
97492
96286
98715
96680
96976
98672
95347
96483
95246
90492
90996
93226
92911
96924
94100
94657
92539
97818
97453
90377
96377
98284
95172
94691
96549
91848
91989
92481
96173
90848
90801
90303
94835
93773
99424
99882
96849
94210
92480
96192
95763
91109
99361
97323
93510
95045
94202
98307
97690
90153
98805
96096
95371
96450
94450
97879
96891
92198
93529
99934
98062
91028
96942
99186
94240
93489
98192
94668
94683
97722
90120
91081
90639
98940
95206
91618
95607
92405
95392
92265
91196
99589
92350
94745
97036
92209
94130
90309
98159
93813
99144
91549
98307
93620
93404
94429
92592
92288
91960
97717
97945
94307
90480
92008
94804
96698
97893
95522
98465
98709
96058
98871
93535
92198
97373
95972
99933
97376
96271
93307
93876
93625
95541
94705
92267
90048
93417
93843
93958
95459
92357
91643
96290
92494
95462
90767
90375
95531
91473
94385
93538
97100
94273
91405
92368
92488
97847
95360
94813
97202
92617
99136
94752
97002
94113
92721
97488
95172
99899
96175
99597
96731
95698
94998
91563
94256
96656
90091
96656
95028
94683
99493
94466
94158
97798
94082
92548
93408
92430
94430
94611
90377
94603
90997
98685
97751
90943
94852
93705
97292
95455
91111
97952
98268
92986
92272
97793
95000
95338
93648
90138
93213
90949
98070
97076
99898
94082
92057
96113
96340
94471
90640
94454
99026
93348
93027
90761
98114
96800
96290
92837
98142
92376
99272
94658
90675
99912
93892
91200
93570
92474
96046
94501
96550
98384
93278
99384
97777
90262
91420
92289
91107
92003
97386
91652
98713
99662
90303
93253
98773
97138
98167
98996
92897
92644
92220
92533
92992
96856
96224
90189
92250
98714
92829
90611
99937
99788
94215
91591
94685
93159
99201
97490
95968
97750
94003
95705
98441
94039
98838
95620
98847
92104
97550
98476
90166
97925
92451
91584
92697
98882
91568
95353
96760
94398
90478
96523
96712
92649
95919
96090
90953
99288
93365
95316
97620
99120
95760
98300
90647
96662
95582
94512
95892
96529
97444
99761
91999
99575
93400
99008
95704
95745
98166
99473
96257
99554
96414
97479
98650
99142
99364
97456
90347
94845
92818
96557
91197
98210
93867
93311
91209
97403
98424
93763
95901
99930
96792
93524
93881
98636
99441
99185
96369
91885
90193
97517
93337
93894
98994
95906
95963
96129
91461
92455
90073
95717
97400
99188
90270
91807
95469
96802
99441
95819
96190
94397
93306
96516
90475
92623
94736
95837
95883
93686
97480
96431
97766
96641
94033
96822
97511
91423
97302
95162
95059
90040
90772
97478
97889
98373
96851
91380
93650
97021
98093
91156
98641
94623
90976
95180
99310
92104
96923
91598
98974
91268
90265
93198
96936
96189
97814
97426
92198
90834
99754
92477
98946
91351
96523
95388
96002
96463
91383
93091
97431
94405
93355
92347
96480
99841
90216
99504
90054
99202
96243
96021
95898
97875
94391
90689
99692
97690
97589
94484
94223
98129
98843
99001
97844
99715
94845
94398
94394
92996
92754
97787
91771
91578
94853
98012
91344
92634
90770
97756
95398
93337
91930
98901
94779
96642
97961
92097
93963
94864
99702
96460
95695
94489
98532
90346
92416
90648
96691
99143
96654
94700
98283
91002
97564
93353
95652
96461
95810
92777
90819
92893
93973
96118
96658
99717
94676
97885
97515
95299
93613
93615
93937
91504
99657
98280
91221
96812
99261
91853
96454
93946
97313
95486
93730
92957
91646
96730
92253
95687
93389
97229
96982
92560
90347
91343
96538
97636
95588
99115
98030
92861
98444
92039
93513
97458
90092
95056
97748
93387
90916
93218
91963
92820
91836
96457
93293
98564
96786
90895
94594
93375
98534
90139
94316
99087
95025
94994
91118
91513
98448
95024
92923
92037
94196
90414
95088
91848
91918
97559
97386
99747
95854
96823
94485
99462
96627
95901
99604
97419
91694
97222
96053
96895
96631
92843
96313
99495
94451
95244
93384
99891
95131
97496
94047
94767
92546
91209
98758
91888
90993
95718
97850
90253
98487
96932
98725
97259
99027
99293
93737
93807
91015
99275
93442
93305
94008
93862
94905
95488
91004
92451
99759
91001
98444
95600
91691
97681
91109
99081
98055
94480
94111
96650
95288
93957
99165
99998
92825
99284
97316
99298
95201
96699
95333
92801
97014
99351
97926
98907
90461
93462
93003
99160
90104
92758
92137
95594
94585
92093
93437
90872
99950
96213
99005
94659
94288
94597
94173
94661
98365
98300
90710
95767
91941
99757
91169
95739
90458
91466
96587
90878
91786
94498
94702
90108
97718
92769
90895
90922
99893
94007
99020
95613
94850
93365
94343
91237
97874
90597
95737
91748
90361
96754
99362
95738
90343
91326
90981
98213
90900
95770
99128
99857
96125
94365
96295
92214
99335
98325
90339
92217
93219
94115
93285
94522
96599
91899
99732
95062
97510
95070
92017
94275
97269
96783
94363
93437
95228
94442
93166
92534
98903
98072
95626
93120
99158
93520
93913
94588
95131
96407
97030
97299
98603
97794
97598
91006
92482
97467
95717
92002
93096
95817
97114
97445
90980
90210
97743
90278
99856
96826
92056
93203
98471
93867
97094
95126
95004
97106
99622
98526
98715
93683
98465
91175
98524
95110
99259
90657
93219
95410
93780
95111
92967
95325
91062
98647
96824
98548
92468
94862
95923
90888
97923
96907
97041
98339
95483
97523
96220
94955
91429
97511
97135
96507
93080
96039
93896
90818
91509
91256
92966
90753
96341
94630
93900
90770
99837
97459
93568
92993
92441
92978
93563
93726
96976
92519
95489
96357
93679
99148
93799
91587
93275
97216
90879
90921
90248
91274
94072
94358
93526
92771
99319
98211
96756
97989
91107
94015
95351
95646
93416
94434
92505
97600
91349
97124
91359
91102
98131
92480
95511
96021
97172
96207
95043
95499
93868
92657
90277
93451
96844
99857
90423
97359
93312
92185
99319
99805
98238
91609
95451
97162
92011
93443
98437
98895
96289
97555
99158
95905
92717
90954
95739
91355
94207
92710
92548
92407
93464
97130
94416
96325
98440
96133
93253
99362
99413
96766
99263
91881
97380
94791
93926
98145
98433
90282
96954
94211
93831
96177
94392
92366
90436
95711
90066
95546
91212
99677
97548
90173
90465
99446
94850
90843
93524
96689
99006
95312
95532
95731
92757
93210
99058
99486
90499
96924
95198
94899
95710
98088
97858
98838
97021
98108
95915
90373
95129
96181
92929
90378
97734
93219
99107
94398
94701
95136
95200
99715
90610
93925
93012
92542
96908
99969
92235
96306
90831
94014
98261
96931
93296
92252
90693
96074
92940
92945
97217
98247
98504
98033
92540
92768
96737
98154
97064
96466
98029
94524
95008
98090
96928
96110
96637
90353
99760
95528
94309
90553
96522
92118
97014
95702
99241
95616
93094
93105
93983
98875
95845
92329
98704
93061
91663
99493
94126
93773
95446
99817
99833
91515
92927
99380
92763
94957
94628
92002
90295
90438
91120
92213
95109
96125
94286
90222
94012
94282
94259
99842
97921
90085
96737
95303
95179
90414
90355
97883
95404
91062
98801
98306
96046
95803
97371
95838
98856
95749
98640
90017
98434
92443
96942
95962
90065
93113
96345
99190
99012
91538
91822
90882
98462
92950
98270
99538
98319
96428
97108
99957
92016
93191
95115
95475
93542
94271
95195
94405
91882
95953
93771
96612
95032
96471
94486
91164
90802
92348
92896
90993
96581
97860
91854
95509
95252
96033
92257
97093
99449
94624
98856
92423
91341
95520
95813
94555
90131
90988
91689
96710
94457
95226
98553
93689
91884
94639
94903
91867
92670
95281
97080
93705
100000
90911
98865
97696
93875
90082
93950
99713
90832
95714
90965
96673
96697
95594
95753
98463
94560
97212
90579
99069
95133
95410
94955
92836
91722
96251
97781
96810
96954
95554
95477
95085
93485
95544
95802
96102
95852
98034
92038
98832
95668
97596
97242
98791
97341
93147
93236
99804
96514
91387
94033
92484
98401
90537
98386
95331
98216
97799
91144
99419
90879
98994
98105
92585
92189
93796
94048
94074
98641
95014
98648
95570
98096
95355
99932
99543
98464
90102
99997
90871
96615
99147
92653
92648
94686
96824
97690
92139
95972
92962
91455
97805
97608
93615
98416
93338
92204
94893
93426
99648
95639
98334
99343
90735
93191
91264
99714
94389
91197
90566
91208
93643
96425
93310
95479
99937
90354
92677
95151
93911
90535
92607
93613
94770
96237
99622
93305
94171
90558
95249
92196
95545
96178
97494
93125
94824
96967
94784
95708
93470
92607
90836
95481
99788
98440
93885
99990
99419
97707
98690
96489
90986
98386
94788
90956
97801
91806
99402
93100
91592
95218
98466
97053
99175
95530
94181
92433
98018
96374
92561
95469
91619
95702
99397
94865
90660
96096
98065
92101
90847
94985
97643
90861
93392
96946
94746
95259
99073
95286
97535
91568
91801
95087
95331
93131
92635
94903
92268
93144
90189
99301
98433
94992
98356
99422
96919
94844
97304
93764
90234
96166
98661
96365
94505
90863
90842
94571
94912
96735
95450
93591
90786
95915
90686
90007
93821
94004
92711
91444
97818
94570
90894
94573
93422
98708
97885
98649
96261
94343
90447
96756
91961
94974
91990
91962
96432
92527
92739
90556
94901
94033
98481
99569
98107
96782
93818
90757
99099
91680
90872
98235
99081
99464
99380
91953
95737
99485
99102
94199
92470
95722
90509
91318
92003
99753
94650
97828
92765
95324
98172
95132
91518
94240
94405
92007
90638
98248
96460
99053
93516
96605
93281
94298
96494
94015
94579
92143
90778
98629
95588
92830
92780
94780
97593
94636
96306
90171
95144
95952
95038
92161
95917
99469
98754
92882
94145
95629
91707
97831
93560
97549
96612
97664
90784
94591
92681
97850
95112
96779
91130
95884
95612
97234
96612
90753
91493
94832
98000
94328
96663
94263
96967
99384
94440
95674
97789
93921
93317
91097
96829
96486
99754
99836
95111
92180
98915
90011
92453
94031
99287
98439
96565
99431
92131
96040
95575
96313
91687
90967
97408
98766
97086
96625
94458
96775
91892
96791
96989
99756
92219
95009
93706
98604
99366
90442
92928
95910
97896
97390
92812
99062
95100
90634
94044
95889
92788
93818
93465
97571
97345
93037
92035
98463
98979
92839
95605
97554
96112
96803
91909
91226
95839
99903
92229
92015
96408
94835
91164
93053
92638
99500
92942
92879
90233
97817
97715
90314
99915
91071
96266
94077
97321
91979
96577
96835
99595
98647
90689
98379
94627
90628
95291
97605
93853
94252
94476
97986
94578
99418
98107
96241
92738
95049
94221
98861
92059
95374
98914
96200
90532
94244
92149
98815
90156
99664
92915
95733
90874
95724
92177
99346
94651
94124
97062
96605
90624
92468
94711
91223
97262
91533
99234
96548
92479
98684
90208
93820
97633
99632
96163
95477
96344
95716
91475
98209
94082
98902
90120
95450
99446
91687
94726
93986
93087
94085
94341
94377
95201
94900
99388
99865
97534
99457
97207
93482
90835
90987
96654
98010
93703
97854
95173
98515
93747
93805
96787
92121
97016
93442
94449
94713
96626
90086
95178
99272
96524
98243
91432
95507
91324
97835
97146
95495
98155
92408
91878
94990
91465
98480
91496
95117
96701
98240
98842
94120
93820
92767
92822
93847
96562
97968
99348
90687
98418
90412
92565
95608
91239
95267
99825
93022
97416
93498
98813
93128
91575
90539
90286
97456
92716
93621
94857
92270
92748
99929
97254
99535
92334
92795
96500
90125
90013
98102
95447
98976
95512
98092
98105
96843
93195
94765
98201
98382
96591
90048
97404
91219
99928
94942
96656
95702
97623
94807
99051
90032
97652
92996
97685
90441
99745
90019
96930
91128
94350
90405
90567
93619
93287
94491
95203
90257
98045
97280
92426
91489
96648
91587
98121
91660
95040
97645
92403
92988
93908
96370
98577
92404
96908
98456
94592
90957
91197
96506
95408
90465
96239
92375
99715
97096
91809
96911
99453
96571
91128
94296
95553
90679
90077
98150
98356
99781
98420
91615
96127
91010
93981
98582
90121
96825
95700
98257
99626
93639
96521
90263
95418
95187
92036
92446
95087
90322
95832
98592
98635
99944
97472
98230
97826
92727
94052
95711
97685
94349
91269
90755
93617
99902
94938
97650
92559
94172
98898
95289
91620
99481
90236
95231
92632
95778
97783
99991
96064
92649
94796
98711
92719
97969
91789
92440
96673
92846
90435
96182
97874
97569
94471
99908
97848
98236
98565
95723
96952
98759
91061
93376
96598
97915
91551
91292
94909
96161
99210
95320
99216
91868
92829
92382
93859
91680
98483
91221
96710
94686
95778
97413
92875
95082
98602
94850
98986
93022
91334
90882
96550
98336
96433
97284
97771
96808
94357
94264
92295
93698
91734
99680
98301
94207
98748
90659
96398
95547
91643
99805
99743
90333
91318
93189
98828
95968
93922
92300
94380
99706
94404
97148
96789
94095
98949
92711
95536
92466
97236
95901
97023
99188
90461
95258
94263
94332
96056
90530
96869
97477
95045
94360
94762
90314
92980
93235
94062
92745
90379
99910
98568
92173
93622
94481
95295
90659
92228
96296
97480
99634
93459
93897
93516
96865
90183
95174
95235
95346
92943
94923
93988
98817
92154
91994
97947
93590
91377
93213
99091
91366
97611
96273
93278
92744
99524
98776
91879
96094
99579
95615
98373
91493
90981
91881
98381
94404
95380
93490
96537
98789
92289
92704
98661
94348
96121
90752
92665
97561
91809
94721
96617
91224
94940
90916
97423
92179
97331
91866
98540
91902
93998
99181
90179
99661
92446
99423
90417
92914
90220
95202
90675
94639
91660
98672
93983
92292
99786
99614
99469
98065
94265
95297
91532
95149
91378
94306
97104
99673
96953
91524
99467
93020
98167
96445
92043
94195
95186
92026
90605
96945
98556
96246
97346
91312
93308
93570
95233
94304
95677
98501
96102
99376
93419
98414
90912
99407
95625
97848
95609
92863
92987
91456
91033
97826
94457
97795
90301
93587
91219
91135
92118
94482
93933
93495
93430
95661
94174
94074
99880
95482
96006
98270
97493
94208
98634
93484
94023
93704
96065
93882
93415
97819
94718
91310
91800
98134
94926
94556
98478
94770
97253
94129
90315
96949
99580
94759
92998
92977
95888
92798
97580
94357
92677
90715
95758
93709
93961
95856
92318
91181
90772
95686
98185
99051
96118
96668
92518
99194
91321
98992
97282
93112
94682
94326
92742
99206
98414
98784
97307
96986
94764
98296
90176
92900
97278
98567
90201
97467
98137
96818
99436
98418
97509
97479
94770
99505
95847
99052
96124
99696
95073
94304
94613
92418
99587
90982
99133
99551
93041
95256
94803
99856
91807
95056
91698
96518
91086
95498
97315
93508
94587
93591
91205
95431
93724
94412
95209
90566
97252
95920
97743
91767
97303
94629
95555
94933
92737
99289
91409
99722
95752
94798
91116
92188
92707
93506
98365
94057
95066
96112
90778
98293
91425
99340
95640
95677
96552
92578
98727
92055
98367
90669
94685
90969
98821
95044
92381
91338
99588
90379
93679
94890
98528
98970
99068
93025
97843
90011
98583
97799
99869
95955
91458
96723
91451
93162
92945
96046
92818
99005
91739
92232
91915
92631
96452
96306
90120
91561
94552
90752
90285
91318
92240
93667
93037
90269
98666
99842
92280
96873
92945
93465
95836
91509
97408
92134
92153
90094
95508
96868
99033
91660
97846
97794
95305
97077
94729
90215
91385
91131
98716
90730
99659
95112
95576
98101
90633
92131
97103
98556
95773
92331
94232
90212
92992
90193
93870
96303
95705
91111
97908
91911
91395
99446
97835
93875
90635
95217
93392
98574
92486
91642
98708
97267
97230
90704
94357
93679
92358
98927
98764
93521
92761
90564
97411
90636
91052
90363
93273
99440
98970
93124
96910
98378
95791
92205
99684
94046
94689
94196
98503
90696
92981
91921
95552
94793
97203
92975
91443
99322
98944
95969
95216
97527
92374
91685
99640
90768
99418
91316
95234
90197
93500
98982
91466
96913
97795
90716
98555
90317
98939
97097
98310
99332
92115
91730
97457
96177
98473
92741
91880
97392
90806
99502
95219
91800
98426
91747
90260
90081
97179
93281
96557
95660
95531
97471
92718
91594
92668
96694
96800
93135
99545
92942
93251
90672
98822
91770
99821
92725
94622
96760
92902
93688
98051
96714
94716
96008
99423
92740
90804
91480
93112
97430
91234
91354
95989
93317
93991
99938
95358
92794
93957
91384
97355
96690
95951
94342
91723
93679
95231
94181
93918
97723
93930
97446
90471
95725
96840
98253
98554
92590
94988
91312
95682
95868
90444
91242
90487
97180
90802
92902
90502
92607
96753
92386
97902
99235
91221
93407
99125
90032
93458
98726
99318
94260
96574
91338
97545
95597
91911
95076
93698
95164
98719
99359
93041
91641
92554
97724
99325
95659
90852
94875
92423
90662
99101
91899
91410
97412
96061
94366
99024
94344
91464
92979
98465
90941
94629
91475
98441
96327
97436
91455
97421
90262
90090
98841
93027
98729
93118
91637
97490
91292
94033
93688
95133
92425
92102
94121
92787
93992
99658
97160
99104
91064
93397
91996
93693
98269
94080
97406
92014
98849
98110
90805
96977
93625
99382
96416
93167
92053
94878
92256
94659
92552
92422
90609
92331
94300
94044
91687
91631
97682
93387
95165
96734
95582
90590
99270
92019
92689
93098
92117
96808
95037
95815
94979
94305
96930
99063
92180
90677
97470
97762
97294
95194
93851
90283
90341
97402
93628
90405
95667
92226
93130
90809
95195
98973
94221
91569
96733
95150
96580
92042
92031
91050
97700
99621
94268
96036
97792
93789
99664
92457
91773
98888
92899
98145
95538
94071
91027
93420
98688
93846
95572
93545
90919
97675
97502
92567
94247
92044
94754
99480
98260
93457
97008
92660
90586
95785
97399
93484
99762
90403
95840
95097
92696
92560
93661
97250
93900
92424
94246
93147
98696
94220
99347
99248
97569
91920
95773
93948
93859
94911
92137
96091
91985
92079
90348
99242
98380
97753
91539
92653
92332
97935
91114
94874
98907
90269
92603
90934
91161
96170
95016
99032
93807
98564
93378
97681
95539
93670
97137
99237
92195
90257
96128
90752
97947
94829
98786
98088
96705
96156
92291
94234
90926
97605
99332
97753
90012
90695
91187
92310
95482
98325
91790
93210
95111
91106
92485
91879
93225
95236
92156
94243
99332
95354
92407
93919
92277
90815
92495
96179
92120
98815
93694
93605
96912
92818
97778
99384
96558
99704
99315
99179
90962
94091
96462
97505
94637
93258
99929
99565
94961
91119
94832
94460
96282
94664
95093
90736
97042
91333
95087
90182
92124
90736
98228
90832
97591
99167
97170
95109
90025
90351
95323
94028
97639
90858
94360
93430
95352
93622
97406
93148
91017
98004
92605
95073
94996
99833
96742
91035
90249
99868
93609
96451
95151
94115
96806
90670
96202
94433
91667
99952
92834
92877
95987
94032
91487
98204
94252
92181
91159
97986
95050
99725
97603
94767
96350
90951
98362
99698
98348
99336
95840
92092
98547
91031
90574
98334
98784
92558
91923
98584
98864
98630
98340
94712
96518
91055
94416
97894
98343
94646
96900
99327
91433
91081
96863
92470
90382
96653
90207
90281
99342
94843
93695
95862
93825
99649
98702
99962
91950
90624
99869
93776
99794
95543
90839
90471
90566
91646
94276
93881
92274
91398
98353
97807
93564
93687
96883
94362
92452
96425
95293
94793
97592
91452
99632
91225
96804
97725
90784
92757
92533
93686
91092
94352
98926
94781
95561
91960
90220
97044
94854
92305
95124
92698
92235
90778
96891
98705
91681
95880
93749
94199
99320
93632
99405
97744
95406
90416
98282
90363
99005
97664
95199
95247
92581
96843
94169
90121
98678
98170
96003
93173
95874
91493
99413
98496
96200
92780
95297
91981
91218
94649
98900
93596
98928
94383
99524
96989
98712
97855
92494
92355
96487
92815
93051
93496
97264
99968
96868
95027
97296
95280
96878
90646
92997
91960
91092
98427
98839
95536
91104
94049
91389
90481
95968
97924
91691
91819
91131
97142
93177
90152
97114
98181
97290
93530
97628
91313
94006
94631
91806
92651
99458
96658
90246
94765
97823
96410
99556
91815
99680
97961
95072
90132
94027
95374
96455
90179
96123
97901
95843
90847
98372
96103
93253
92009
96411
92317
98910
96264
97609
93927
97202
95832
94148
92856
91943
95515
97887
99733
97633
97672
99191
96157
96396
90139
96904
93517
95299
93043
91675
91777
93719
95437
99801
96691
95460
97694
99786
98869
95312
90602
98812
93135
94715
97098
91284
91617
96245
97574
96665
99005
91591
94696
98774
93412
92713
98667
93728
91283
90879
98888
98735
99781
93249
92931
98906
95088
91720
98778
94288
90070
93686
91267
94293
99725
99439
98662
91723
97870
95863
90304
93568
93492
91133
91273
90771
90201
90093
95002
94145
97235
95006
99772
98628
95437
91368
90034
93069
96654
93456
98492
97726
99989
99323
99890
96667
93352
99908
92427
97261
93733
91948
97754
93946
94647
99403
95477
98462
94189
93045
93116
93739
92123
92934
97440
93618
99456
93441
98140
95607
98933
95529
99752
98848
99884
95952
92784
94486
95859
98091
99981
90628
98507
94087
98662
99083
96110
92979
95070
96062
90227
94517
91667
94030
98882
93350
93325
96905
99735
93277
93332
95775
91662
96238
95164
97339
98199
95738
90954
92239
91277
99396
92603
95494
98687
90305
96455
96206
93709
91880
97499
98724
90352
95892
94004
92477
92639
98381
98549
92627
91360
93119
96379
98767
96759
97318
97020
93821
90566
99283
90091
90354
95825
92669
91255
96467
97950
97065
99245
98474
95458
99558
99902
92541
93792
96992
98160
92476
90704
93592
93918
95861
96604
93647
92737
95713
98336
93943
97301
99855
99807
95629
90573
95196
97907
90193
96590
99090
97165
99266
99832
94989
91561
92908
99102
94542
96960
96078
96859
93361
92577
97983
99929
92619
94926
93980
92549
93680
92687
94724
97673
97939
95927
92252
97465
99066
98118
97687
98947
99846
94383
90246
95703
90785
94406
92257
91610
92692
93456
99844
97509
90402
99946
93994
96764
99852
92977
91675
90649
95674
98297
91709
99492
91506
96122
95070
90523
90205
99239
94308
98353
96154
94848
91779
99035
96838
98574
91374
93625
95895
94070
93427
92208
94808
96685
97501
94295
95449
94589
92725
96554
90638
95837
90384
93800
94930
94774
98436
94185
92790
96236
92654
94523
96370
90989
94079
96689
90059
90827
97462
91034
93992
96778
90397
97741
93725
98855
97818
92079
98234
90787
91561
94470
93453
98167
99672
91327
93521
93452
95138
97581
96935
96266
98755
96858
99790
92422
95794
90217
93296
90119
91165
99409
97764
96742
92764
95580
90237
94706
97696
99362
97972
99781
91053
93294
94935
90332
91934
92491
93527
90915
96406
94527
98694
98673
92083
94448
96645
95952
94013
95856
95337
97590
96560
94012
98925
96315
90974
91884
93364
94676
93325
95078
95362
96970
92505
96605
91841
99566
92968
97396
92131
93107
91905
93526
90054
94987
95545
96069
98105
95570
94260
94532
90906
96568
91167
99793
90129
95034
93912
97500
98065
91389
94331
97846
92043
94937
95663
92672
96864
95291
92010
95835
97458
93160
99738
97769
98945
98927
95486
90186
96277
92455
90498
91856
90665
92567
95938
91386
94968
99626
98900
97964
95237
99657
93778
95975
90591
93457
98705
94453
98633
99116
91734
97289
98567
91395
96445
95134
99230
96398
91689
94951
94204
94975
95126
98130
91212
93292
95267
93116
97971
94004
91696
93497
91711
96479
98167
97461
94519
99490
98253
99592
91716
94837
98250
90924
95456
95317
97005
98188
90712
95493
97374
98203
95870
98683
98983
98341
95084
98630
96983
98995
94604
99270
96499
99009
90261
91042
97438
99986
98277
97183
99362
90419
96620
98437
91107
95595
99059
99623
94833
94183
99131
96493
99199
97469
96193
96320
91342
92164
90755
90661
92352
92720
91271
93712
95941
94098
99593
94721
94966
90921
97254
97873
95525
93954
99787
98089
93290
99846
91249
96195
91783
95061
96163
91867
97259
99963
91031
97818
99916
93963
92636
93649
96080
97678
95313
92806
91095
93047
94354
91079
97566
97324
97776
90081
98673
91904
93596
94152
91223
91905
94837
94102
98144
97450
99424
96270
95088
92588
97177
90291
90855
92787
91078
94047
96309
96943
95009
99215
91470
94829
95128
95863
95489
95942
97105
99520
99175
90663
96367
99170
94767
99691
93570
99602
92644
92665
92466
96545
99654
91931
92364
98044
98748
92375
92367
90495
94618
93276
99574
92792
95013
93105
98435
97012
92425
93206
93442
99086
95838
91311
92354
97880
97220
90808
92133
96139
92450
96712
94778
91724
91365
94271
95261
92569
96617
91151
98726
93820
96024
99126
99164
90573
98108
96220
96734
94650
95500
95238
95926
98865
95905
99619
91751
97201
95318
92549
96148
94347
93165
90280
91788
93024
94068
95572
95475
92545
95926
92229
98318
97039
98982
96629
94869
96786
95576
97209
98421
91089
95276
97845
94632
96129
95057
96042
90687
96242
99235
91895
92175
92044
98827
98747
94861
93851
95045
91486
93551
93838
96576
93409
95241
95353
95384
97608
98719
92844
90678
93796
97830
90828
95757
96525
90573
95341
97413
95725
91231
96302
92580
95511
97713
94238
91917
92180
91298
99799
95015
97351
90970
99504
96902
97178
99532
96153
90560
93575
93679
97348
95110
98389
95231
90555
94381
96458
95700
98146
95529
98499
91388
90861
92402
99754
91196
93124
93350
95332
94340
98648
98137
98195
90152
99784
93680
90712
97165
99016
93276
95729
93653
96087
99006
98085
96833
99144
92025
92516
92901
93382
90398
98884
95100
95594
99188
90666
91996
98084
92477
97644
93163
90367
92005
98732
94454
92106
92123
95874
90052
95708
95737
94956
93482
92036
90938
94670
94781
97657
93002
99258
96002
97070
91452
96085
92249
98358
96861
93976
90425
95688
97090
93244
92883
97111
97654
93364
98170
91087
95881
99214
96042
90180
93586
91830
98946
95359
97915
94615
97161
99343
95064
90928
99767
92421
96559
93997
98652
99199
92781
95103
97729
99694
93418
90949
94552
93224
99552
96181
96533
98533
97040
91969
98921
98574
95902
96611
96761
93408
95384
99080
97992
99640
99400
91460
99895
99833
92027
91202
96064
90352
97746
99151
96093
91045
96125
94262
95160
95236
95607
90958
95711
93434
96126
90065
98415
99217
95201
99249
94580
90721
97229
93913
97232
96172
90636
94474
93025
96892
92597
90968
92179
96238
95994
90913
98640
97875
98314
91373
97633
91866
97166
91161
92812
91969
92101
94115
90183
92623
97440
99380
90995
99023
95773
99647
90779
98750
96837
93279
96732
98371
91451
91252
90626
93466
95196
94868
99430
95504
91526
95161
90836
94019
99009
99942
95879
97506
92365
99420
95826
91496
92009
96327
95535
97230
91773
91506
90465
99376
99503
90870
99531
96230
90209
94699
90974
90832
96464
95185
93460
96438
95740
93192
99573
94788
99358
90140
93896
90598
92755
95966
92880
90726
91738
99102
98665
91441
94428
99398
94062
92234
93575
99931
90870
99616
98926
98639
98727
99319
94346
95718
96667
90373
99369
97720
94581
99455
99871
94281
96781
98987
97547
98429
94819
97390
92895
96403
91790
94945
91371
97921
95277
93702
97427
92831
91140
94866
96096
95091
95330
92101
96828
90010
95921
94190
99269
95685
92540
95488
95642
94580
95392
97603
99452
96172
91055
90754
95183
96618
97251
98218
98675
96360
93758
92339
92875
91629
91665
95502
98649
90763
98162
94535
95334
91290
99033
91960
90729
98715
96063
92542
95204
92939
91522
98563
99621
93246
96937
92270
91746
97819
98327
98924
90848
98687
95086
98896
95170
98071
94708
92235
91955
97048
90540
94168
94723
92476
94752
94940
97476
93128
93703
92460
90528
90947
97903
91169
97641
98387
93751
95578
99162
97767
99235
91914
90837
93561
90785
96309
93000
93589
93470
92963
99820
90027
91721
90733
93296
96174
92761
91575
91678
99926
99949
99275
97021
99881
98206
91914
91537
95022
98722
96506
97449
93912
95127
99227
90026
94330
98311
99703
98492
99305
92090
92771
94488
90471
96898
96153
92786
94675
93684
97497
93936
94799
95229
99202
93528
90705
97037
94478
97771
91263
95012
93069
90061
93389
92095
90088
98238
99027
91060
96391
97210
96026
95643
93932
96638
93835
97199
94535
98368
99960
99080
95525
93291
98127
95908
90650
92333
94072
99940
99727
91243
99911
91718
95469
93891
93023
97169
90911
93731
90377
98368
95871
98156
94248
90142
95906
95392
90263
99695
92177
98653
93696
91447
95669
97222
94975
94286
94210
99154
90320
93398
95714
95291
98453
93879
96098
99268
99325
98313
95298
93203
95787
95504
99831
93768
94155
92539
95342
98303
94587
97389
97562
95688
97238
94221
95121
91643
95097
98606
92663
93151
99477
94830
97682
91690
99064
92467
99532
99958
98492
94433
94036
91787
97356
93676
92145
99923
95616
90720
96075
91367
96326
99225
91361
94960
91628
91773
98264
90908
92934
93043
90978
96918
91256
92592
98061
90652
98608
94396
92537
93168
96413
95370
95102
93056
91868
90032
98875
95935
98189
93512
99128
99014
99687
90084
96434
95392
97597
99413
96669
97808
97613
97713
96311
96489
95060
95980
96466
90826
98634
92513
94065
99538
98660
91902
93659
99019
90794
97654
98271
94556
91121
90678
92712
94112
93563
90782
97827
99346
95562
93390
99092
93570
92952
98668
98004
91332
99979
95224
99702
99300
95381
95606
95256
93148
90494
95745
92059
90121
90296
95563
90770
91974
93345
92919
92223
97969
91537
98075
92773
92618
95627
90889
91479
97859
97453
97896
97589
94356
94788
91496
91761
91600
99774
98399
99438
91516
96864
99554
99841
95249
91219
98719
98996
97816
93481
91873
90249
90327
91876
94657
90695
94445
97587
90031
96961
98780
94308
93327
98784
91906
97952
96901
93822
91687
97424
91552
92126
95596
92408
96919
93729
91723
99100
98016
97761
95145
99837
90115
96561
99368
97539
99157
93201
97501
90919
99877
95858
92872
91394
98824
97494
93765
97624
94483
94250
91962
98634
91666
91024
99781
91447
92370
97638
95302
94159
90288
94064
90464
90408
91158
98121
91711
96168
96144
94087
97896
94793
90424
95679
95114
91278
94190
91813
93154
91642
98226
98602
93261
98390
91277
96020
91898
97993
91373
92669
90185
91306
98307
97094
93711
92879
99455
99075
92411
90095
96123
99337
95179
98063
92609
91117
98921
91213
95164
92022
96728
97533
93048
99619
94860
96368
98860
99192
93217
95746
90332
97110
99004
90139
90781
98224
98263
94619
90392
90760
94962
96340
95536
97124
92334
99270
98302
94055
96145
93140
93424
90588
94586
92512
94806
97228
94472
96931
98824
94807
98441
98092
96587
96438
92832
94942
92355
91016
90933
92687
90295
91699
91296
96608
96765
97805
95787
96647
90315
93564
97078
93688
96584
92169
90257
93480
90295
98548
98245
99129
91521
99315
95713
98103
98419
93315
91177
94688
93614
91220
91974
93828
96427
97602
91781
97295
98126
93926
95397
98109
92394
95899
90448
94172
98197
93605
90713
97027
97246
97883
90768
96699
93236
91359
96611
98542
95042
97594
91988
93036
91078
96772
95073
94476
96990
91366
95223
99481
93876
90223
94463
91262
99225
94506
93420
90595
97752
93930
96363
99430
94330
96724
95065
98068
96194
91764
96154
91857
96612
96313
91647
98333
97206
97798
97358
90750
91121
93078
98866
98935
94207
93615
99721
93397
96430
90017
91597
93650
90677
94360
91050
96653
91153
93750
92599
96348
98556
93546
92795
90184
94218
93697
94976
93614
90394
96610
99393
98460
98896
90010
98391
96114
95250
93213
91345
91497
90570
90253
99019
98713
98336
98302
92057
94348
98258
94828
93270
99338
94421
91909
98428
95348
99890
91161
95236
96601
94976
97706
95178
93100
91328
96623
97916
96163
99072
90313
92943
92227
99142
90220
98166
95851
98032
91349
90106
97855
97130
93013
95414
99528
93826
94241
98380
98858
96595
97304
94123
99704
91221
97774
92154
99854
90369
94565
99999
98912
93679
98397
91567
91943
90581
92113
99951
99818
93004
91282
99352
92199
90186
98546
95808
94091
92746
90121
91421
91915
98236
97917
91771
90020
95340
95688
91196
93593
98905
92671
95632
98881
93013
93139
97700
96687
94259
95315
93729
90055
92430
98069
97393
92096
90784
98855
99663
94892
93090
91314
99753
95404
99655
95975
96751
99334
99477
92511
96618
98874
90763
96963
94246
95276
96956
92396
95267
92189
90487
96395
97290
90688
91425
93865
95260
91947
93217
98559
90629
98480
92710
91772
99020
99899
96629
91642
96074
94117
91717
91491
96172
99943
90706
90654
93711
91992
91324
96215
91628
93867
90512
99111
96861
90536
91040
93014
97423
95842
92719
99461
90794
96093
95391
97636
98300
95661
95876
92268
95186
95530
96079
98067
91047
90733
94434
94140
90332
97609
97874
96831
97582
96826
96520
94407
97109
93101
98265
92047
91791
97558
95459
90552
90682
93657
90858
97233
90111
92639
95050
92393
97970
99420
92524
99862
95869
94865
98586
95007
98853
95397
94298
98663
97364
95858
91632
90416
91136
96574
96028
99682
99709
90558
98543
98013
99257
91783
94772
91078
90408
90469
92741
93742
96750
96320
96947
96688
98702
95647
90738
98028
92456
93312
94227
98322
98649
95442
99909
92458
90483
93833
93194
96824
95958
97996
90016
95209
93917
95773
98732
91875
98582
98476
98479
95229
92284
91455
91180
90545
91049
96074
99403
95163
92758
93999
97228
94604
92546
99748
96349
93040
95128
92445
94564
96568
98761
92709
98860
92696
90500
95615
90275
94512
97464
95669
92729
92954
93768
94732
92996
95620
97846
98830
94030
95561
99817
94789
98807
98491
93603
92629
96886
91857
93486
94662
90878
94193
99773
97225
94993
98213
93282
95983
92875
96068
93320
90748
96896
90208
98838
90750
96103
98288
97472
96286
95010
95556
92125
97701
90406
93157
99808
97628
98393
95791
92411
97426
98814
97169
94091
93759
99274
96692
94975
96240
95944
95808
95854
92100
93321
97465
93566
98793
90147
97110
91740
90498
93666
98672
96614
99441
99406
93960
92583
97975
98681
98912
97193
92366
90986
95150
90247
94212
93497
90248
96728
90437
94831
95185
98210
97797
95283
92389
92459
92832
90711
92836
95901
93214
92263
95619
98652
91404
99126
98445
96789
96587
96496
92477
91559
95796
95947
99980
90211
90173
90393
98186
98128
97311
90822
97838
96966
95601
96997
99832
98466
91529
99316
98403
98646
95865
94001
94296
92046
99671
98820
96348
90724
96071
91523
9